Magnetic Field:
[ 0.57261133 -0.40500351  0.85327168]
Frequency:
[2.49649716e+09]
Levels:
[ 8 11]
Gradient:
[1.52587891e-05 7.62939453e-05 4.57763672e-05]
Gradient_INT:
9.02722134872378e-05
Curvature:
[[-5.15102340e+10 -9.96489658e+09  4.30081494e+10]
 [-9.96489658e+09 -7.13194271e+10 -1.22821100e+10]
 [ 4.30081494e+10 -1.22821100e+10 -4.20594212e+10]]
Curvature_INT:
117083134610.05145
f:
[10650557.22180736]


Magnetic Field:
[-0.52767056  0.06811236 -0.45210884]
Frequency:
[2.49649716e+09]
Levels:
[ 8 11]
Gradient:
[0.00000000e+00 4.57763672e-05 0.00000000e+00]
Gradient_INT:
4.57763671875e-05
Curvature:
[[-5.15102340e+10 -9.96489658e+09  4.30081494e+10]
 [-9.96489658e+09 -7.13194271e+10 -1.22821100e+10]
 [ 4.30081494e+10 -1.22821100e+10 -4.20594212e+10]]
Curvature_INT:
117083134610.07613
f:
[10650557.22180114]


Magnetic Field:
[ 0.57261133 -0.40500351  0.85327168]
Frequency:
[2.49649716e+09]
Levels:
[ 8 11]
Gradient:
[7.62939453e-06 3.05175781e-05 3.05175781e-05]
Gradient_INT:
4.382753483992026e-05
Curvature:
[[-5.15102340e+10 -9.96489658e+09  4.30081494e+10]
 [-9.96489658e+09 -7.13194271e+10 -1.22821100e+10]
 [ 4.30081494e+10 -1.22821100e+10 -4.20594212e+10]]
Curvature_INT:
117083134610.23561
f:
[10650557.22182201]


Magnetic Field:
[-0.52767056  0.06811236 -0.45210884]
Frequency:
[2.49649716e+09]
Levels:
[ 8 11]
Gradient:
[0.00010681 0.0002594  0.00015259]
Gradient_INT:
0.0003193427968819633
Curvature:
[[-5.15102340e+10 -9.96489658e+09  4.30081494e+10]
 [-9.96489658e+09 -7.13194271e+10 -1.22821100e+10]
 [ 4.30081494e+10 -1.22821100e+10 -4.20594212e+10]]
Curvature_INT:
117083134610.24011
f:
[10650557.22181348]


Magnetic Field:
[-0.59369998  0.06076933 -0.47868375]
Frequency:
[2.49649716e+09]
Levels:
[ 8 11]
Gradient:
[7.62939453e-06 4.57763672e-05 0.00000000e+00]
Gradient_INT:
4.640779518354965e-05
Curvature:
[[-5.15102340e+10 -9.96489658e+09  4.30081494e+10]
 [-9.96489658e+09 -7.13194271e+10 -1.22821100e+10]
 [ 4.30081494e+10 -1.22821100e+10 -4.20594212e+10]]
Curvature_INT:
117083134610.24959
f:
[10650557.22181166]


Magnetic Field:
[-0.68068979  0.07414981 -0.53913594]
Frequency:
[2.49649716e+09]
Levels:
[ 8 11]
Gradient:
[0. 0. 0.]
Gradient_INT:
0.0
Curvature:
[[-5.15102340e+10 -9.96489658e+09  4.30081494e+10]
 [-9.96489658e+09 -7.13194271e+10 -1.22821100e+10]
 [ 4.30081494e+10 -1.22821100e+10 -4.20594212e+10]]
Curvature_INT:
117083134610.26662
f:
[10650557.22180428]


Magnetic Field:
[ 0.07114588 -0.27282487  0.37010838]
Frequency:
[2.49649716e+09]
Levels:
[ 8 11]
Gradient:
[7.62939453e-06 7.62939453e-05 7.62939453e-06]
Gradient_INT:
7.7053107745072e-05
Curvature:
[[-5.15102340e+10 -9.96489658e+09  4.30081494e+10]
 [-9.96489658e+09 -7.13194271e+10 -1.22821100e+10]
 [ 4.30081494e+10 -1.22821100e+10 -4.20594212e+10]]
Curvature_INT:
117083134610.27321
f:
[10650557.2218104]


Magnetic Field:
[-0.52767056  0.06811236 -0.45210884]
Frequency:
[2.49649716e+09]
Levels:
[ 8 11]
Gradient:
[8.39233398e-05 3.05175781e-04 1.83105469e-04]
Gradient_INT:
0.0003656542042944873
Curvature:
[[-5.15102340e+10 -9.96489658e+09  4.30081494e+10]
 [-9.96489658e+09 -7.13194271e+10 -1.22821100e+10]
 [ 4.30081494e+10 -1.22821100e+10 -4.20594212e+10]]
Curvature_INT:
117083134610.44496
f:
[10650557.22181765]


Magnetic Field:
[-0.59369998  0.06076933 -0.47868375]
Frequency:
[2.92091931e+09]
Levels:
[3 7]
Gradient:
[0.00000000e+00 1.52587891e-05 0.00000000e+00]
Gradient_INT:
1.52587890625e-05
Curvature:
[[-3.78739301e+10 -2.53797190e+10  2.53549932e+10]
 [-2.53797190e+10 -1.34018689e+11 -1.82447476e+10]
 [ 2.53549932e+10 -1.82447476e+10 -2.76145009e+10]]
Curvature_INT:
152963255569.18185
f:
[4385005.43045874]


Magnetic Field:
[-0.72742169  0.07280882 -0.57849111]
Frequency:
[2.92091931e+09]
Levels:
[3 7]
Gradient:
[0.00000000e+00 3.05175781e-05 0.00000000e+00]
Gradient_INT:
3.0517578125e-05
Curvature:
[[-3.78739301e+10 -2.53797190e+10  2.53549932e+10]
 [-2.53797190e+10 -1.34018689e+11 -1.82447476e+10]
 [ 2.53549932e+10 -1.82447476e+10 -2.76145009e+10]]
Curvature_INT:
152963255569.21448
f:
[4385005.43046097]


Magnetic Field:
[ 0.07114588 -0.27282487  0.37010838]
Frequency:
[2.92091931e+09]
Levels:
[3 7]
Gradient:
[9.15527344e-05 1.52587891e-05 8.39233398e-05]
Gradient_INT:
0.00012513137410626775
Curvature:
[[-3.78739301e+10 -2.53797190e+10  2.53549932e+10]
 [-2.53797190e+10 -1.34018689e+11 -1.82447476e+10]
 [ 2.53549932e+10 -1.82447476e+10 -2.76145009e+10]]
Curvature_INT:
152963255569.2634
f:
[4385005.43042436]


Magnetic Field:
[-0.22027549  0.07564174 -0.25621041]
Frequency:
[2.92091931e+09]
Levels:
[3 7]
Gradient:
[2.28881836e-05 6.10351562e-05 7.62939453e-06]
Gradient_INT:
6.563053334840871e-05
Curvature:
[[-3.78739301e+10 -2.53797190e+10  2.53549932e+10]
 [-2.53797190e+10 -1.34018689e+11 -1.82447476e+10]
 [ 2.53549932e+10 -1.82447476e+10 -2.76145009e+10]]
Curvature_INT:
152963255569.26483
f:
[4385005.43045698]


Magnetic Field:
[-0.59369998  0.06076933 -0.47868375]
Frequency:
[2.92091931e+09]
Levels:
[3 7]
Gradient:
[1.52587891e-05 0.00000000e+00 1.52587891e-05]
Gradient_INT:
2.1579186437577746e-05
Curvature:
[[-3.78739301e+10 -2.53797190e+10  2.53549932e+10]
 [-2.53797190e+10 -1.34018689e+11 -1.82447476e+10]
 [ 2.53549932e+10 -1.82447476e+10 -2.76145009e+10]]
Curvature_INT:
152963255569.30588
f:
[4385005.43047062]


Magnetic Field:
[-0.72742169  0.07280882 -0.57849111]
Frequency:
[2.92091931e+09]
Levels:
[3 7]
Gradient:
[1.52587891e-05 3.05175781e-05 2.28881836e-05]
Gradient_INT:
4.1085546929431944e-05
Curvature:
[[-3.78739301e+10 -2.53797190e+10  2.53549932e+10]
 [-2.53797190e+10 -1.34018689e+11 -1.82447476e+10]
 [ 2.53549932e+10 -1.82447476e+10 -2.76145009e+10]]
Curvature_INT:
152963255569.39227
f:
[4385005.43046211]


Magnetic Field:
[-0.269287    0.08911944 -0.30669885]
Frequency:
[2.92091931e+09]
Levels:
[3 7]
Gradient:
[1.52587891e-05 0.00000000e+00 2.28881836e-05]
Gradient_INT:
2.750817318316642e-05
Curvature:
[[-3.78739301e+10 -2.53797190e+10  2.53549932e+10]
 [-2.53797190e+10 -1.34018689e+11 -1.82447476e+10]
 [ 2.53549932e+10 -1.82447476e+10 -2.76145009e+10]]
Curvature_INT:
152963255569.52206
f:
[4385005.43048623]


Magnetic Field:
[-0.24471763  0.08020694 -0.27739893]
Frequency:
[2.92091931e+09]
Levels:
[3 7]
Gradient:
[1.52587891e-05 1.22070312e-04 2.28881836e-05]
Gradient_INT:
0.00012513137410626775
Curvature:
[[-3.78739301e+10 -2.53797190e+10  2.53549932e+10]
 [-2.53797190e+10 -1.34018689e+11 -1.82447476e+10]
 [ 2.53549932e+10 -1.82447476e+10 -2.76145009e+10]]
Curvature_INT:
152963255569.5458
f:
[4385005.43046945]


Magnetic Field:
[-0.09448699 -0.56992     0.64941707]
Frequency:
[2.92091931e+09]
Levels:
[3 7]
Gradient:
[0.00014496 0.00022888 0.00018311]
Gradient_INT:
0.00032699766527918763
Curvature:
[[-3.78739301e+10 -2.53797190e+10  2.53549932e+10]
 [-2.53797190e+10 -1.34018689e+11 -1.82447476e+10]
 [ 2.53549932e+10 -1.82447476e+10 -2.76145009e+10]]
Curvature_INT:
152963255569.55615
f:
[4385005.43045426]


Magnetic Field:
[-0.54623112  0.03826611 -0.41128333]
Frequency:
[2.92091931e+09]
Levels:
[3 7]
Gradient:
[3.05175781e-05 6.10351562e-05 6.10351562e-05]
Gradient_INT:
9.1552734375e-05
Curvature:
[[-3.78739301e+10 -2.53797190e+10  2.53549932e+10]
 [-2.53797190e+10 -1.34018689e+11 -1.82447476e+10]
 [ 2.53549932e+10 -1.82447476e+10 -2.76145009e+10]]
Curvature_INT:
152963255569.5882
f:
[4385005.43047076]


Magnetic Field:
[-0.39172108  0.04383148 -0.32204092]
Frequency:
[2.92091931e+09]
Levels:
[3 7]
Gradient:
[0.00015259 0.0002594  0.00022888]
Gradient_INT:
0.00037809789103283284
Curvature:
[[-3.78739301e+10 -2.53797190e+10  2.53549932e+10]
 [-2.53797190e+10 -1.34018689e+11 -1.82447476e+10]
 [ 2.53549932e+10 -1.82447476e+10 -2.76145009e+10]]
Curvature_INT:
152963255569.62946
f:
[4385005.43046651]


Magnetic Field:
[-0.48447431  0.0508633  -0.38422986]
Frequency:
[2.92091931e+09]
Levels:
[3 7]
Gradient:
[1.06811523e-04 4.57763672e-05 1.06811523e-04]
Gradient_INT:
0.00015783814136945498
Curvature:
[[-3.78739301e+10 -2.53797190e+10  2.53549932e+10]
 [-2.53797190e+10 -1.34018689e+11 -1.82447476e+10]
 [ 2.53549932e+10 -1.82447476e+10 -2.76145009e+10]]
Curvature_INT:
152963255569.7498
f:
[4385005.43047387]


Magnetic Field:
[-0.68068979  0.07414981 -0.53913594]
Frequency:
[2.38827604e+08]
Levels:
[10 11]
Gradient:
[0.00590992 0.00587273 0.00729954]
Gradient_INT:
0.011076975526167434
Curvature:
[[-5.15135911e+10  1.97373071e+10  5.34503586e+10]
 [ 1.97373071e+10  1.18675157e+11  2.07618830e+10]
 [ 5.34503586e+10  2.07618830e+10 -4.19908482e+10]]
Curvature_INT:
160797357430.58304
f:
[9.62329056e+09]


Magnetic Field:
[-0.70439661  0.05511483 -0.5365676 ]
Frequency:
[2.38827604e+08]
Levels:
[10 11]
Gradient:
[0.00603771 0.00614548 0.00750172]
Gradient_INT:
0.011423514443723607
Curvature:
[[-5.15135911e+10  1.97373071e+10  5.34503586e+10]
 [ 1.97373071e+10  1.18675157e+11  2.07618830e+10]
 [ 5.34503586e+10  2.07618830e+10 -4.19908482e+10]]
Curvature_INT:
160797357430.62613
f:
[9.62329056e+09]


Magnetic Field:
[-0.48173797  0.02034741 -0.34065056]
Frequency:
[2.38827604e+08]
Levels:
[10 11]
Gradient:
[0.00062847 0.00269508 0.00145853]
Gradient_INT:
0.0031282181943578387
Curvature:
[[-5.15135911e+10  1.97373071e+10  5.34503586e+10]
 [ 1.97373071e+10  1.18675157e+11  2.07618830e+10]
 [ 5.34503586e+10  2.07618830e+10 -4.19908482e+10]]
Curvature_INT:
160797357438.71567
f:
[9.62329056e+09]


Magnetic Field:
[-0.48447431  0.0508633  -0.38422986]
Frequency:
[2.38827604e+08]
Levels:
[10 11]
Gradient:
[0.00064087 0.00270844 0.00147307]
Gradient_INT:
0.003149010410182331
Curvature:
[[-5.15135911e+10  1.97373071e+10  5.34503586e+10]
 [ 1.97373071e+10  1.18675157e+11  2.07618830e+10]
 [ 5.34503586e+10  2.07618830e+10 -4.19908482e+10]]
Curvature_INT:
160797357438.78152
f:
[9.62329056e+09]


Magnetic Field:
[-0.68068979  0.07414981 -0.53913594]
Frequency:
[2.38827604e+08]
Levels:
[10 11]
Gradient:
[0.00102329 0.00343704 0.00205529]
Gradient_INT:
0.004133351315419901
Curvature:
[[-5.15135911e+10  1.97373071e+10  5.34503586e+10]
 [ 1.97373071e+10  1.18675157e+11  2.07618830e+10]
 [ 5.34503586e+10  2.07618830e+10 -4.19908482e+10]]
Curvature_INT:
160797357438.79425
f:
[9.62329056e+09]


Magnetic Field:
[0.00323751 0.00038327 0.00081988]
Frequency:
[2.38827604e+08]
Levels:
[10 11]
Gradient:
[0.00107193 0.00353241 0.00213242]
Gradient_INT:
0.00426311492493241
Curvature:
[[-5.15135911e+10  1.97373071e+10  5.34503586e+10]
 [ 1.97373071e+10  1.18675157e+11  2.07618830e+10]
 [ 5.34503586e+10  2.07618830e+10 -4.19908482e+10]]
Curvature_INT:
160797357438.83633
f:
[9.62329056e+09]


Magnetic Field:
[-0.16439825  0.05287663 -0.18446536]
Frequency:
[2.38827604e+08]
Levels:
[10 11]
Gradient:
[0.00045395 0.00165939 0.00096512]
Gradient_INT:
0.001972589509373188
Curvature:
[[-5.15135911e+10  1.97373071e+10  5.34503586e+10]
 [ 1.97373071e+10  1.18675157e+11  2.07618830e+10]
 [ 5.34503586e+10  2.07618830e+10 -4.19908482e+10]]
Curvature_INT:
160797357440.01553
f:
[9.62329056e+09]


Magnetic Field:
[-0.70101237  0.08748624 -0.55799681]
Frequency:
[2.38827604e+08]
Levels:
[10 11]
Gradient:
[0.00046253 0.00167847 0.00097835]
Gradient_INT:
0.0019970870419037143
Curvature:
[[-5.15135911e+10  1.97373071e+10  5.34503586e+10]
 [ 1.97373071e+10  1.18675157e+11  2.07618830e+10]
 [ 5.34503586e+10  2.07618830e+10 -4.19908482e+10]]
Curvature_INT:
160797357440.01904
f:
[9.62329056e+09]


Magnetic Field:
[-0.48173797  0.02034741 -0.34065056]
Frequency:
[2.38827604e+08]
Levels:
[10 11]
Gradient:
[0.0008955  0.00148201 0.00130069]
Gradient_INT:
0.0021656581023688564
Curvature:
[[-5.15135911e+10  1.97373071e+10  5.34503586e+10]
 [ 1.97373071e+10  1.18675157e+11  2.07618830e+10]
 [ 5.34503586e+10  2.07618830e+10 -4.19908482e+10]]
Curvature_INT:
160797357440.85834
f:
[9.62329056e+09]


Magnetic Field:
[-0.37011415  0.03838664 -0.28909692]
Frequency:
[2.38827604e+08]
Levels:
[10 11]
Gradient:
[0.00084972 0.00144196 0.00124669]
Gradient_INT:
0.002086984486111024
Curvature:
[[-5.15135911e+10  1.97373071e+10  5.34503586e+10]
 [ 1.97373071e+10  1.18675157e+11  2.07618830e+10]
 [ 5.34503586e+10  2.07618830e+10 -4.19908482e+10]]
Curvature_INT:
160797357440.88983
f:
[9.62329056e+09]


