Magnetic Field:
[ 0.57261133 -0.40500351  0.85327168]
Frequency:
[2.92091931e+09]
Levels:
[3 7]
Gradient:
[0.00000000e+00 1.52587891e-05 0.00000000e+00]
Gradient_INT:
1.52587890625e-05
Curvature:
[[-3.78739301e+10 -2.53797190e+10  2.53549932e+10]
 [-2.53797190e+10 -1.34018689e+11 -1.82447476e+10]
 [ 2.53549932e+10 -1.82447476e+10 -2.76145009e+10]]
Curvature_INT:
25354993245.378895
f:
[4385005.43045874]


Magnetic Field:
[-0.52767056  0.06811236 -0.45210884]
Frequency:
[2.92091931e+09]
Levels:
[3 7]
Gradient:
[0.00000000e+00 3.05175781e-05 0.00000000e+00]
Gradient_INT:
3.0517578125e-05
Curvature:
[[-3.78739301e+10 -2.53797190e+10  2.53549932e+10]
 [-2.53797190e+10 -1.34018689e+11 -1.82447476e+10]
 [ 2.53549932e+10 -1.82447476e+10 -2.76145009e+10]]
Curvature_INT:
25354993245.385033
f:
[4385005.43046097]


Magnetic Field:
[ 0.57261133 -0.40500351  0.85327168]
Frequency:
[2.92091931e+09]
Levels:
[3 7]
Gradient:
[2.28881836e-05 6.10351562e-05 7.62939453e-06]
Gradient_INT:
6.563053334840871e-05
Curvature:
[[-3.78739301e+10 -2.53797190e+10  2.53549932e+10]
 [-2.53797190e+10 -1.34018689e+11 -1.82447476e+10]
 [ 2.53549932e+10 -1.82447476e+10 -2.76145009e+10]]
Curvature_INT:
25354993245.39541
f:
[4385005.43045698]


Magnetic Field:
[-0.52767056  0.06811236 -0.45210884]
Frequency:
[2.92091931e+09]
Levels:
[3 7]
Gradient:
[9.15527344e-05 1.52587891e-05 8.39233398e-05]
Gradient_INT:
0.00012513137410626775
Curvature:
[[-3.78739301e+10 -2.53797190e+10  2.53549932e+10]
 [-2.53797190e+10 -1.34018689e+11 -1.82447476e+10]
 [ 2.53549932e+10 -1.82447476e+10 -2.76145009e+10]]
Curvature_INT:
25354993245.39825
f:
[4385005.43042436]


Magnetic Field:
[-0.59369998  0.06076933 -0.47868375]
Frequency:
[2.92091931e+09]
Levels:
[3 7]
Gradient:
[1.52587891e-05 0.00000000e+00 1.52587891e-05]
Gradient_INT:
2.1579186437577746e-05
Curvature:
[[-3.78739301e+10 -2.53797190e+10  2.53549932e+10]
 [-2.53797190e+10 -1.34018689e+11 -1.82447476e+10]
 [ 2.53549932e+10 -1.82447476e+10 -2.76145009e+10]]
Curvature_INT:
25354993245.39919
f:
[4385005.43047062]


Magnetic Field:
[-0.68068979  0.07414981 -0.53913594]
Frequency:
[2.92091931e+09]
Levels:
[3 7]
Gradient:
[1.52587891e-05 3.05175781e-05 2.28881836e-05]
Gradient_INT:
4.1085546929431944e-05
Curvature:
[[-3.78739301e+10 -2.53797190e+10  2.53549932e+10]
 [-2.53797190e+10 -1.34018689e+11 -1.82447476e+10]
 [ 2.53549932e+10 -1.82447476e+10 -2.76145009e+10]]
Curvature_INT:
25354993245.411293
f:
[4385005.43046211]


Magnetic Field:
[ 0.07114588 -0.27282487  0.37010838]
Frequency:
[2.92091931e+09]
Levels:
[3 7]
Gradient:
[1.52587891e-05 0.00000000e+00 2.28881836e-05]
Gradient_INT:
2.750817318316642e-05
Curvature:
[[-3.78739301e+10 -2.53797190e+10  2.53549932e+10]
 [-2.53797190e+10 -1.34018689e+11 -1.82447476e+10]
 [ 2.53549932e+10 -1.82447476e+10 -2.76145009e+10]]
Curvature_INT:
25354993245.43145
f:
[4385005.43048623]


Magnetic Field:
[-0.52767056  0.06811236 -0.45210884]
Frequency:
[2.92091931e+09]
Levels:
[3 7]
Gradient:
[1.52587891e-05 1.22070312e-04 2.28881836e-05]
Gradient_INT:
0.00012513137410626775
Curvature:
[[-3.78739301e+10 -2.53797190e+10  2.53549932e+10]
 [-2.53797190e+10 -1.34018689e+11 -1.82447476e+10]
 [ 2.53549932e+10 -1.82447476e+10 -2.76145009e+10]]
Curvature_INT:
25354993245.431854
f:
[4385005.43046945]


Magnetic Field:
[-0.59369998  0.06076933 -0.47868375]
Frequency:
[2.92091931e+09]
Levels:
[3 7]
Gradient:
[3.05175781e-05 6.10351562e-05 6.10351562e-05]
Gradient_INT:
9.1552734375e-05
Curvature:
[[-3.78739301e+10 -2.53797190e+10  2.53549932e+10]
 [-2.53797190e+10 -1.34018689e+11 -1.82447476e+10]
 [ 2.53549932e+10 -1.82447476e+10 -2.76145009e+10]]
Curvature_INT:
25354993245.4421
f:
[4385005.43047076]


Magnetic Field:
[-0.72742169  0.07280882 -0.57849111]
Frequency:
[2.92091931e+09]
Levels:
[3 7]
Gradient:
[0.00014496 0.00022888 0.00018311]
Gradient_INT:
0.00032699766527918763
Curvature:
[[-3.78739301e+10 -2.53797190e+10  2.53549932e+10]
 [-2.53797190e+10 -1.34018689e+11 -1.82447476e+10]
 [ 2.53549932e+10 -1.82447476e+10 -2.76145009e+10]]
Curvature_INT:
25354993245.444023
f:
[4385005.43045426]


Magnetic Field:
[ 0.07114588 -0.27282487  0.37010838]
Frequency:
[2.92091931e+09]
Levels:
[3 7]
Gradient:
[0.00015259 0.0002594  0.00022888]
Gradient_INT:
0.00037809789103283284
Curvature:
[[-3.78739301e+10 -2.53797190e+10  2.53549932e+10]
 [-2.53797190e+10 -1.34018689e+11 -1.82447476e+10]
 [ 2.53549932e+10 -1.82447476e+10 -2.76145009e+10]]
Curvature_INT:
25354993245.454758
f:
[4385005.43046651]


Magnetic Field:
[-0.22027549  0.07564174 -0.25621041]
Frequency:
[2.92091931e+09]
Levels:
[3 7]
Gradient:
[1.06811523e-04 4.57763672e-05 1.06811523e-04]
Gradient_INT:
0.00015783814136945498
Curvature:
[[-3.78739301e+10 -2.53797190e+10  2.53549932e+10]
 [-2.53797190e+10 -1.34018689e+11 -1.82447476e+10]
 [ 2.53549932e+10 -1.82447476e+10 -2.76145009e+10]]
Curvature_INT:
25354993245.471443
f:
[4385005.43047387]


Magnetic Field:
[-0.59369998  0.06076933 -0.47868375]
Frequency:
[2.17719573e+09]
Levels:
[4 7]
Gradient:
[5.34057617e-05 3.05175781e-04 1.22070312e-04]
Gradient_INT:
0.0003329948859069091
Curvature:
[[-5.93735540e+10 -3.45487368e+10  4.13108449e+10]
 [-3.45487368e+10 -2.69148761e+11 -5.22962302e+10]
 [ 4.13108449e+10 -5.22962302e+10 -5.22163644e+10]]
Curvature_INT:
41310844947.627884
f:
[20470689.12039133]


Magnetic Field:
[-0.72742169  0.07280882 -0.57849111]
Frequency:
[2.17719573e+09]
Levels:
[4 7]
Gradient:
[3.81469727e-05 1.98364258e-04 9.91821289e-05]
Gradient_INT:
0.0002250348084068699
Curvature:
[[-5.93735540e+10 -3.45487368e+10  4.13108449e+10]
 [-3.45487368e+10 -2.69148761e+11 -5.22962302e+10]
 [ 4.13108449e+10 -5.22962302e+10 -5.22163644e+10]]
Curvature_INT:
41310844947.64198
f:
[20470689.1203863]


Magnetic Field:
[-0.269287    0.08911944 -0.30669885]
Frequency:
[2.49649716e+09]
Levels:
[ 8 11]
Gradient:
[1.52587891e-05 7.62939453e-05 4.57763672e-05]
Gradient_INT:
9.02722134872378e-05
Curvature:
[[-5.15102340e+10 -9.96489658e+09  4.30081494e+10]
 [-9.96489658e+09 -7.13194271e+10 -1.22821100e+10]
 [ 4.30081494e+10 -1.22821100e+10 -4.20594212e+10]]
Curvature_INT:
43008149416.90419
f:
[10650557.22180736]


Magnetic Field:
[-0.24471763  0.08020694 -0.27739893]
Frequency:
[2.49649716e+09]
Levels:
[ 8 11]
Gradient:
[0.00000000e+00 4.57763672e-05 0.00000000e+00]
Gradient_INT:
4.57763671875e-05
Curvature:
[[-5.15102340e+10 -9.96489658e+09  4.30081494e+10]
 [-9.96489658e+09 -7.13194271e+10 -1.22821100e+10]
 [ 4.30081494e+10 -1.22821100e+10 -4.20594212e+10]]
Curvature_INT:
43008149416.91385
f:
[10650557.22180114]


Magnetic Field:
[-0.09448699 -0.56992     0.64941707]
Frequency:
[2.49649716e+09]
Levels:
[ 8 11]
Gradient:
[0.00010681 0.0002594  0.00015259]
Gradient_INT:
0.0003193427968819633
Curvature:
[[-5.15102340e+10 -9.96489658e+09  4.30081494e+10]
 [-9.96489658e+09 -7.13194271e+10 -1.22821100e+10]
 [ 4.30081494e+10 -1.22821100e+10 -4.20594212e+10]]
Curvature_INT:
43008149416.97035
f:
[10650557.22181348]


Magnetic Field:
[-0.54623112  0.03826611 -0.41128333]
Frequency:
[2.49649716e+09]
Levels:
[ 8 11]
Gradient:
[7.62939453e-06 3.05175781e-05 3.05175781e-05]
Gradient_INT:
4.382753483992026e-05
Curvature:
[[-5.15102340e+10 -9.96489658e+09  4.30081494e+10]
 [-9.96489658e+09 -7.13194271e+10 -1.22821100e+10]
 [ 4.30081494e+10 -1.22821100e+10 -4.20594212e+10]]
Curvature_INT:
43008149416.97539
f:
[10650557.22182201]


Magnetic Field:
[-0.39172108  0.04383148 -0.32204092]
Frequency:
[2.49649716e+09]
Levels:
[ 8 11]
Gradient:
[7.62939453e-06 4.57763672e-05 0.00000000e+00]
Gradient_INT:
4.640779518354965e-05
Curvature:
[[-5.15102340e+10 -9.96489658e+09  4.30081494e+10]
 [-9.96489658e+09 -7.13194271e+10 -1.22821100e+10]
 [ 4.30081494e+10 -1.22821100e+10 -4.20594212e+10]]
Curvature_INT:
43008149416.98227
f:
[10650557.22181166]


Magnetic Field:
[-0.48447431  0.0508633  -0.38422986]
Frequency:
[2.49649716e+09]
Levels:
[ 8 11]
Gradient:
[0. 0. 0.]
Gradient_INT:
0.0
Curvature:
[[-5.15102340e+10 -9.96489658e+09  4.30081494e+10]
 [-9.96489658e+09 -7.13194271e+10 -1.22821100e+10]
 [ 4.30081494e+10 -1.22821100e+10 -4.20594212e+10]]
Curvature_INT:
43008149416.98835
f:
[10650557.22180428]


Magnetic Field:
[-0.68068979  0.07414981 -0.53913594]
Frequency:
[2.49649716e+09]
Levels:
[ 8 11]
Gradient:
[7.62939453e-06 7.62939453e-05 7.62939453e-06]
Gradient_INT:
7.7053107745072e-05
Curvature:
[[-5.15102340e+10 -9.96489658e+09  4.30081494e+10]
 [-9.96489658e+09 -7.13194271e+10 -1.22821100e+10]
 [ 4.30081494e+10 -1.22821100e+10 -4.20594212e+10]]
Curvature_INT:
43008149416.989075
f:
[10650557.2218104]


Magnetic Field:
[-0.70439661  0.05511483 -0.5365676 ]
Frequency:
[2.49649716e+09]
Levels:
[ 8 11]
Gradient:
[8.39233398e-05 3.05175781e-04 1.83105469e-04]
Gradient_INT:
0.0003656542042944873
Curvature:
[[-5.15102340e+10 -9.96489658e+09  4.30081494e+10]
 [-9.96489658e+09 -7.13194271e+10 -1.22821100e+10]
 [ 4.30081494e+10 -1.22821100e+10 -4.20594212e+10]]
Curvature_INT:
43008149417.0499
f:
[10650557.22181765]


Magnetic Field:
[-0.48173797  0.02034741 -0.34065056]
Frequency:
[1.71712501e+09]
Levels:
[ 8 10]
Gradient:
[7.62939453e-06 1.52587891e-05 1.52587891e-05]
Gradient_INT:
2.288818359375e-05
Curvature:
[[-8.08670568e+10 -2.21110102e+09  7.19728034e+10]
 [-2.21110102e+09 -1.05887181e+11 -2.97545968e+10]
 [ 7.19728034e+10 -2.97545968e+10 -7.36235259e+10]]
Curvature_INT:
71972803424.63353
f:
[2.22165e+08]


Magnetic Field:
[-0.48447431  0.0508633  -0.38422986]
Frequency:
[1.71712501e+09]
Levels:
[ 8 10]
Gradient:
[3.81469727e-05 4.57763672e-05 7.62939453e-06]
Gradient_INT:
6.007391261300515e-05
Curvature:
[[-8.08670568e+10 -2.21110102e+09  7.19728034e+10]
 [-2.21110102e+09 -1.05887181e+11 -2.97545968e+10]
 [ 7.19728034e+10 -2.97545968e+10 -7.36235259e+10]]
Curvature_INT:
71972803424.67426
f:
[2.22165e+08]


Magnetic Field:
[-0.68068979  0.07414981 -0.53913594]
Frequency:
[1.71712501e+09]
Levels:
[ 8 10]
Gradient:
[3.81469727e-05 1.52587891e-05 5.34057617e-05]
Gradient_INT:
6.738098805486944e-05
Curvature:
[[-8.08670568e+10 -2.21110102e+09  7.19728034e+10]
 [-2.21110102e+09 -1.05887181e+11 -2.97545968e+10]
 [ 7.19728034e+10 -2.97545968e+10 -7.36235259e+10]]
Curvature_INT:
71972803424.72638
f:
[2.22165e+08]


Magnetic Field:
[0.00323751 0.00038327 0.00081988]
Frequency:
[1.71712501e+09]
Levels:
[ 8 10]
Gradient:
[7.62939453e-06 4.57763672e-05 7.62939453e-06]
Gradient_INT:
4.703074648261243e-05
Curvature:
[[-8.08670568e+10 -2.21110102e+09  7.19728034e+10]
 [-2.21110102e+09 -1.05887181e+11 -2.97545968e+10]
 [ 7.19728034e+10 -2.97545968e+10 -7.36235259e+10]]
Curvature_INT:
71972803424.75845
f:
[2.22165e+08]


Magnetic Field:
[-0.16439825  0.05287663 -0.18446536]
Frequency:
[2.38827604e+08]
Levels:
[10 11]
Gradient:
[0.00590992 0.00587273 0.00729954]
Gradient_INT:
0.011076975526167434
Curvature:
[[-5.15135911e+10  1.97373071e+10  5.34503586e+10]
 [ 1.97373071e+10  1.18675157e+11  2.07618830e+10]
 [ 5.34503586e+10  2.07618830e+10 -4.19908482e+10]]
Curvature_INT:
118675157197.65656
f:
[9.62329056e+09]


Magnetic Field:
[-0.70101237  0.08748624 -0.55799681]
Frequency:
[2.38827604e+08]
Levels:
[10 11]
Gradient:
[0.00603771 0.00614548 0.00750172]
Gradient_INT:
0.011423514443723607
Curvature:
[[-5.15135911e+10  1.97373071e+10  5.34503586e+10]
 [ 1.97373071e+10  1.18675157e+11  2.07618830e+10]
 [ 5.34503586e+10  2.07618830e+10 -4.19908482e+10]]
Curvature_INT:
118675157197.70538
f:
[9.62329056e+09]


Magnetic Field:
[-0.48173797  0.02034741 -0.34065056]
Frequency:
[2.38827604e+08]
Levels:
[10 11]
Gradient:
[0.00062847 0.00269508 0.00145853]
Gradient_INT:
0.0031282181943578387
Curvature:
[[-5.15135911e+10  1.97373071e+10  5.34503586e+10]
 [ 1.97373071e+10  1.18675157e+11  2.07618830e+10]
 [ 5.34503586e+10  2.07618830e+10 -4.19908482e+10]]
Curvature_INT:
118675157223.43188
f:
[9.62329056e+09]


Magnetic Field:
[-0.37011415  0.03838664 -0.28909692]
Frequency:
[2.38827604e+08]
Levels:
[10 11]
Gradient:
[0.00064087 0.00270844 0.00147307]
Gradient_INT:
0.003149010410182331
Curvature:
[[-5.15135911e+10  1.97373071e+10  5.34503586e+10]
 [ 1.97373071e+10  1.18675157e+11  2.07618830e+10]
 [ 5.34503586e+10  2.07618830e+10 -4.19908482e+10]]
Curvature_INT:
118675157223.5971
f:
[9.62329056e+09]


Magnetic Field:
[-0.24471763  0.08020694 -0.27739893]
Frequency:
[2.38827604e+08]
Levels:
[10 11]
Gradient:
[0.00102329 0.00343704 0.00205529]
Gradient_INT:
0.004133351315419901
Curvature:
[[-5.15135911e+10  1.97373071e+10  5.34503586e+10]
 [ 1.97373071e+10  1.18675157e+11  2.07618830e+10]
 [ 5.34503586e+10  2.07618830e+10 -4.19908482e+10]]
Curvature_INT:
118675157223.60413
f:
[9.62329056e+09]


Magnetic Field:
[-0.70101237  0.08748624 -0.55799681]
Frequency:
[2.38827604e+08]
Levels:
[10 11]
Gradient:
[0.00107193 0.00353241 0.00213242]
Gradient_INT:
0.00426311492493241
Curvature:
[[-5.15135911e+10  1.97373071e+10  5.34503586e+10]
 [ 1.97373071e+10  1.18675157e+11  2.07618830e+10]
 [ 5.34503586e+10  2.07618830e+10 -4.19908482e+10]]
Curvature_INT:
118675157223.76776
f:
[9.62329056e+09]


Magnetic Field:
[ 0.53174529 -0.08527853  0.42923077]
Frequency:
[2.38827604e+08]
Levels:
[10 11]
Gradient:
[0.00045395 0.00165939 0.00096512]
Gradient_INT:
0.001972589509373188
Curvature:
[[-5.15135911e+10  1.97373071e+10  5.34503586e+10]
 [ 1.97373071e+10  1.18675157e+11  2.07618830e+10]
 [ 5.34503586e+10  2.07618830e+10 -4.19908482e+10]]
Curvature_INT:
118675157227.77435
f:
[9.62329056e+09]


Magnetic Field:
[-0.46269681  0.05922106 -0.36958098]
Frequency:
[2.38827604e+08]
Levels:
[10 11]
Gradient:
[0.00046253 0.00167847 0.00097835]
Gradient_INT:
0.0019970870419037143
Curvature:
[[-5.15135911e+10  1.97373071e+10  5.34503586e+10]
 [ 1.97373071e+10  1.18675157e+11  2.07618830e+10]
 [ 5.34503586e+10  2.07618830e+10 -4.19908482e+10]]
Curvature_INT:
118675157227.80164
f:
[9.62329056e+09]


Magnetic Field:
[-0.77022392  0.10383357 -0.62289806]
Frequency:
[2.38827604e+08]
Levels:
[10 11]
Gradient:
[0.0008955  0.00148201 0.00130069]
Gradient_INT:
0.0021656581023688564
Curvature:
[[-5.15135911e+10  1.97373071e+10  5.34503586e+10]
 [ 1.97373071e+10  1.18675157e+11  2.07618830e+10]
 [ 5.34503586e+10  2.07618830e+10 -4.19908482e+10]]
Curvature_INT:
118675157230.90009
f:
[9.62329056e+09]


Magnetic Field:
[0.00323751 0.00038327 0.00081988]
Frequency:
[2.38827604e+08]
Levels:
[10 11]
Gradient:
[0.00084972 0.00144196 0.00124669]
Gradient_INT:
0.002086984486111024
Curvature:
[[-5.15135911e+10  1.97373071e+10  5.34503586e+10]
 [ 1.97373071e+10  1.18675157e+11  2.07618830e+10]
 [ 5.34503586e+10  2.07618830e+10 -4.19908482e+10]]
Curvature_INT:
118675157231.1128
f:
[9.62329056e+09]


Magnetic Field:
[-0.01389291  0.00318254 -0.01304913]
Frequency:
[2.38827604e+08]
Levels:
[10 11]
Gradient:
[0.00056267 0.00131226 0.00093639]
Gradient_INT:
0.001707464450056054
Curvature:
[[-5.15135911e+10  1.97373071e+10  5.34503586e+10]
 [ 1.97373071e+10  1.18675157e+11  2.07618830e+10]
 [ 5.34503586e+10  2.07618830e+10 -4.19908482e+10]]
Curvature_INT:
118675157231.2193
f:
[9.62329056e+09]


Magnetic Field:
[-0.96067818  0.13949724 -0.7912118 ]
Frequency:
[2.38827604e+08]
Levels:
[10 11]
Gradient:
[0.00057983 0.00131989 0.00095856]
Gradient_INT:
0.001731226572066242
Curvature:
[[-5.15135911e+10  1.97373071e+10  5.34503586e+10]
 [ 1.97373071e+10  1.18675157e+11  2.07618830e+10]
 [ 5.34503586e+10  2.07618830e+10 -4.19908482e+10]]
Curvature_INT:
118675157231.36017
f:
[9.62329056e+09]


Magnetic Field:
[-0.70101237  0.08748624 -0.55799681]
Frequency:
[2.38827604e+08]
Levels:
[10 11]
Gradient:
[0.00077248 0.00131607 0.00113022]
Gradient_INT:
0.001898990740762821
Curvature:
[[-5.15135911e+10  1.97373071e+10  5.34503586e+10]
 [ 1.97373071e+10  1.18675157e+11  2.07618830e+10]
 [ 5.34503586e+10  2.07618830e+10 -4.19908482e+10]]
Curvature_INT:
118675157231.4032
f:
[9.62329056e+09]


Magnetic Field:
[-0.45263249  0.05523502 -0.35187439]
Frequency:
[2.38827604e+08]
Levels:
[10 11]
Gradient:
[0.00094986 0.00164032 0.00140345]
Gradient_INT:
0.0023585073744706187
Curvature:
[[-5.15135911e+10  1.97373071e+10  5.34503586e+10]
 [ 1.97373071e+10  1.18675157e+11  2.07618830e+10]
 [ 5.34503586e+10  2.07618830e+10 -4.19908482e+10]]
Curvature_INT:
118675157231.41437
f:
[9.62329056e+09]


Magnetic Field:
[-0.4348554   0.05910701 -0.34553513]
Frequency:
[2.38827604e+08]
Levels:
[10 11]
Gradient:
[0.00043488 0.00065422 0.00061333]
Gradient_INT:
0.0009966429397837867
Curvature:
[[-5.15135911e+10  1.97373071e+10  5.34503586e+10]
 [ 1.97373071e+10  1.18675157e+11  2.07618830e+10]
 [ 5.34503586e+10  2.07618830e+10 -4.19908482e+10]]
Curvature_INT:
118675157231.45789
f:
[9.62329056e+09]


Magnetic Field:
[-0.46269681  0.05922106 -0.36958098]
Frequency:
[2.38827604e+08]
Levels:
[10 11]
Gradient:
[0.00056267 0.00092316 0.00081742]
Gradient_INT:
0.0013553544985701591
Curvature:
[[-5.15135911e+10  1.97373071e+10  5.34503586e+10]
 [ 1.97373071e+10  1.18675157e+11  2.07618830e+10]
 [ 5.34503586e+10  2.07618830e+10 -4.19908482e+10]]
Curvature_INT:
118675157231.47723
f:
[9.62329056e+09]


Magnetic Field:
[-0.77022392  0.10383357 -0.62289806]
Frequency:
[2.38827604e+08]
Levels:
[10 11]
Gradient:
[0.00211143 0.00396919 0.00322986]
Gradient_INT:
0.005535758266490555
Curvature:
[[-5.15135911e+10  1.97373071e+10  5.34503586e+10]
 [ 1.97373071e+10  1.18675157e+11  2.07618830e+10]
 [ 5.34503586e+10  2.07618830e+10 -4.19908482e+10]]
Curvature_INT:
118675157231.62518
f:
[9.62329056e+09]


Magnetic Field:
[-0.00323751 -0.00038327 -0.00081988]
Frequency:
[2.38827604e+08]
Levels:
[10 11]
Gradient:
[0.00209332 0.00390625 0.00317776]
Gradient_INT:
0.005453341067841181
Curvature:
[[-5.15135911e+10  1.97373071e+10  5.34503586e+10]
 [ 1.97373071e+10  1.18675157e+11  2.07618830e+10]
 [ 5.34503586e+10  2.07618830e+10 -4.19908482e+10]]
Curvature_INT:
118675157231.66016
f:
[9.62329056e+09]


Magnetic Field:
[-0.7143162   0.11401664 -0.59493816]
Frequency:
[2.38827604e+08]
Levels:
[10 11]
Gradient:
[0.00062466 0.00108337 0.00092149]
Gradient_INT:
0.0015533946761204253
Curvature:
[[-5.15135911e+10  1.97373071e+10  5.34503586e+10]
 [ 1.97373071e+10  1.18675157e+11  2.07618830e+10]
 [ 5.34503586e+10  2.07618830e+10 -4.19908482e+10]]
Curvature_INT:
118675157231.69684
f:
[9.62329056e+09]


Magnetic Field:
[-0.01389291  0.00318254 -0.01304913]
Frequency:
[2.38827604e+08]
Levels:
[10 11]
Gradient:
[0.00223637 0.00420952 0.00340986]
Gradient_INT:
0.005860762913711822
Curvature:
[[-5.15135911e+10  1.97373071e+10  5.34503586e+10]
 [ 1.97373071e+10  1.18675157e+11  2.07618830e+10]
 [ 5.34503586e+10  2.07618830e+10 -4.19908482e+10]]
Curvature_INT:
118675157231.73956
f:
[9.62329056e+09]


Magnetic Field:
[-0.81653035  0.14901391 -0.70102224]
Frequency:
[2.38827604e+08]
Levels:
[10 11]
Gradient:
[0.00058365 0.00101852 0.0008657 ]
Gradient_INT:
0.0014585849493077918
Curvature:
[[-5.15135911e+10  1.97373071e+10  5.34503586e+10]
 [ 1.97373071e+10  1.18675157e+11  2.07618830e+10]
 [ 5.34503586e+10  2.07618830e+10 -4.19908482e+10]]
Curvature_INT:
118675157231.74695
f:
[9.62329056e+09]


Magnetic Field:
[-0.45263249  0.05523502 -0.35187439]
Frequency:
[2.38827604e+08]
Levels:
[10 11]
Gradient:
[0.00223255 0.00421143 0.00340939]
Gradient_INT:
0.005860401382802261
Curvature:
[[-5.15135911e+10  1.97373071e+10  5.34503586e+10]
 [ 1.97373071e+10  1.18675157e+11  2.07618830e+10]
 [ 5.34503586e+10  2.07618830e+10 -4.19908482e+10]]
Curvature_INT:
118675157231.78333
f:
[9.62329056e+09]


Magnetic Field:
[-0.4348554   0.05910701 -0.34553513]
Frequency:
[2.38827604e+08]
Levels:
[10 11]
Gradient:
[0.00220203 0.00414658 0.00336313]
Gradient_INT:
0.005775266721383593
Curvature:
[[-5.15135911e+10  1.97373071e+10  5.34503586e+10]
 [ 1.97373071e+10  1.18675157e+11  2.07618830e+10]
 [ 5.34503586e+10  2.07618830e+10 -4.19908482e+10]]
Curvature_INT:
118675157231.8023
f:
[9.62329056e+09]


Magnetic Field:
[-0.97073617  0.15057593 -0.79882798]
Frequency:
[2.38827604e+08]
Levels:
[10 11]
Gradient:
[0.0006752  0.00116348 0.00099242]
Gradient_INT:
0.0016716701331691021
Curvature:
[[-5.15135911e+10  1.97373071e+10  5.34503586e+10]
 [ 1.97373071e+10  1.18675157e+11  2.07618830e+10]
 [ 5.34503586e+10  2.07618830e+10 -4.19908482e+10]]
Curvature_INT:
118675157231.81024
f:
[9.62329056e+09]


Magnetic Field:
[ 0.13080401 -0.04604431  0.15448961]
Frequency:
[2.38827604e+08]
Levels:
[10 11]
Gradient:
[0.0019598  0.00367737 0.00298321]
Gradient_INT:
0.005124784105130135
Curvature:
[[-5.15135911e+10  1.97373071e+10  5.34503586e+10]
 [ 1.97373071e+10  1.18675157e+11  2.07618830e+10]
 [ 5.34503586e+10  2.07618830e+10 -4.19908482e+10]]
Curvature_INT:
118675157231.84143
f:
[9.62329056e+09]


Magnetic Field:
[ 0.24471763 -0.08020694  0.27739893]
Frequency:
[2.38827604e+08]
Levels:
[10 11]
Gradient:
[0.00044918 0.00076675 0.00066316]
Gradient_INT:
0.001108809280991153
Curvature:
[[-5.15135911e+10  1.97373071e+10  5.34503586e+10]
 [ 1.97373071e+10  1.18675157e+11  2.07618830e+10]
 [ 5.34503586e+10  2.07618830e+10 -4.19908482e+10]]
Curvature_INT:
118675157231.87115
f:
[9.62329056e+09]


Magnetic Field:
[ 0.16439825 -0.05287663  0.18446536]
Frequency:
[2.38827604e+08]
Levels:
[10 11]
Gradient:
[0.00090122 0.00187302 0.00143743]
Gradient_INT:
0.0025271692019507895
Curvature:
[[-5.15135911e+10  1.97373071e+10  5.34503586e+10]
 [ 1.97373071e+10  1.18675157e+11  2.07618830e+10]
 [ 5.34503586e+10  2.07618830e+10 -4.19908482e+10]]
Curvature_INT:
118675157231.97552
f:
[9.62329056e+09]


Magnetic Field:
[-0.59275787  0.07964432 -0.46341456]
Frequency:
[2.38827604e+08]
Levels:
[10 11]
Gradient:
[0.00080299 0.00166702 0.00127578]
Gradient_INT:
0.0022475259150368963
Curvature:
[[-5.15135911e+10  1.97373071e+10  5.34503586e+10]
 [ 1.97373071e+10  1.18675157e+11  2.07618830e+10]
 [ 5.34503586e+10  2.07618830e+10 -4.19908482e+10]]
Curvature_INT:
118675157231.98724
f:
[9.62329056e+09]


Magnetic Field:
[-0.53174529  0.08527853 -0.42923077]
Frequency:
[2.38827604e+08]
Levels:
[10 11]
Gradient:
[0.0020504  0.00387192 0.00313914]
Gradient_INT:
0.0053898121396096085
Curvature:
[[-5.15135911e+10  1.97373071e+10  5.34503586e+10]
 [ 1.97373071e+10  1.18675157e+11  2.07618830e+10]
 [ 5.34503586e+10  2.07618830e+10 -4.19908482e+10]]
Curvature_INT:
118675157231.98846
f:
[9.62329056e+09]


Magnetic Field:
[-0.97073617  0.15057593 -0.79882798]
Frequency:
[2.38827604e+08]
Levels:
[10 11]
Gradient:
[0.00220203 0.00417519 0.00338125]
Gradient_INT:
0.005806375824060886
Curvature:
[[-5.15135911e+10  1.97373071e+10  5.34503586e+10]
 [ 1.97373071e+10  1.18675157e+11  2.07618830e+10]
 [ 5.34503586e+10  2.07618830e+10 -4.19908482e+10]]
Curvature_INT:
118675157232.01965
f:
[9.62329056e+09]


Magnetic Field:
[ 0.15001861 -0.05252759  0.17662781]
Frequency:
[2.38827604e+08]
Levels:
[10 11]
Gradient:
[0.00037384 0.00063705 0.00055051]
Gradient_INT:
0.0009212244923408181
Curvature:
[[-5.15135911e+10  1.97373071e+10  5.34503586e+10]
 [ 1.97373071e+10  1.18675157e+11  2.07618830e+10]
 [ 5.34503586e+10  2.07618830e+10 -4.19908482e+10]]
Curvature_INT:
118675157232.02197
f:
[9.62329056e+09]


Magnetic Field:
[-0.59275787  0.07964432 -0.46341456]
Frequency:
[2.38827604e+08]
Levels:
[10 11]
Gradient:
[0.00028229 0.00047684 0.00041342]
Gradient_INT:
0.0006913568210078039
Curvature:
[[-5.15135911e+10  1.97373071e+10  5.34503586e+10]
 [ 1.97373071e+10  1.18675157e+11  2.07618830e+10]
 [ 5.34503586e+10  2.07618830e+10 -4.19908482e+10]]
Curvature_INT:
118675157232.02466
f:
[9.62329056e+09]


Magnetic Field:
[-0.53174529  0.08527853 -0.42923077]
Frequency:
[2.38827604e+08]
Levels:
[10 11]
Gradient:
[0.00297928 0.00587654 0.0046401 ]
Gradient_INT:
0.0080585598381226
Curvature:
[[-5.15135911e+10  1.97373071e+10  5.34503586e+10]
 [ 1.97373071e+10  1.18675157e+11  2.07618830e+10]
 [ 5.34503586e+10  2.07618830e+10 -4.19908482e+10]]
Curvature_INT:
118675157232.0257
f:
[9.62329056e+09]


Magnetic Field:
[ 0.23097896 -0.07931032  0.26861528]
Frequency:
[2.38827604e+08]
Levels:
[10 11]
Gradient:
[0.00043678 0.00076485 0.0006516 ]
Gradient_INT:
0.0010956047645028187
Curvature:
[[-5.15135911e+10  1.97373071e+10  5.34503586e+10]
 [ 1.97373071e+10  1.18675157e+11  2.07618830e+10]
 [ 5.34503586e+10  2.07618830e+10 -4.19908482e+10]]
Curvature_INT:
118675157232.03375
f:
[9.62329056e+09]


Magnetic Field:
[ 0.24471763 -0.08020694  0.27739893]
Frequency:
[2.38827604e+08]
Levels:
[10 11]
Gradient:
[6.86645508e-05 7.62939453e-05 8.64267349e-05]
Gradient_INT:
0.00013418333404344838
Curvature:
[[-5.15135911e+10  1.97373071e+10  5.34503586e+10]
 [ 1.97373071e+10  1.18675157e+11  2.07618830e+10]
 [ 5.34503586e+10  2.07618830e+10 -4.19908482e+10]]
Curvature_INT:
118675157232.08942
f:
[9.62329056e+09]


Magnetic Field:
[-0.54314704  0.08697849 -0.4325836 ]
Frequency:
[2.38827604e+08]
Levels:
[10 11]
Gradient:
[0.00016308 0.00037766 0.0002712 ]
Gradient_INT:
0.0004927148370641309
Curvature:
[[-5.15135911e+10  1.97373071e+10  5.34503586e+10]
 [ 1.97373071e+10  1.18675157e+11  2.07618830e+10]
 [ 5.34503586e+10  2.07618830e+10 -4.19908482e+10]]
Curvature_INT:
118675157232.14636
f:
[9.62329056e+09]


Magnetic Field:
[-0.61155141  0.08308514 -0.47011449]
Frequency:
[2.38827604e+08]
Levels:
[10 11]
Gradient:
[0.00035954 0.00061035 0.00052917]
Gradient_INT:
0.0008842033304896933
Curvature:
[[-5.15135911e+10  1.97373071e+10  5.34503586e+10]
 [ 1.97373071e+10  1.18675157e+11  2.07618830e+10]
 [ 5.34503586e+10  2.07618830e+10 -4.19908482e+10]]
Curvature_INT:
118675157232.1471
f:
[9.62329056e+09]


Magnetic Field:
[-0.34024533  0.03248618 -0.23627281]
Frequency:
[2.38827604e+08]
Levels:
[10 11]
Gradient:
[0.00038242 0.00065804 0.00056183]
Gradient_INT:
0.0009459993836114993
Curvature:
[[-5.15135911e+10  1.97373071e+10  5.34503586e+10]
 [ 1.97373071e+10  1.18675157e+11  2.07618830e+10]
 [ 5.34503586e+10  2.07618830e+10 -4.19908482e+10]]
Curvature_INT:
118675157232.14777
f:
[9.62329056e+09]


Magnetic Field:
[ 0.59369998 -0.06076933  0.47868375]
Frequency:
[2.38827604e+08]
Levels:
[10 11]
Gradient:
[0.00011063 0.00016785 0.00015545]
Gradient_INT:
0.00025411618075317374
Curvature:
[[-5.15135911e+10  1.97373071e+10  5.34503586e+10]
 [ 1.97373071e+10  1.18675157e+11  2.07618830e+10]
 [ 5.34503586e+10  2.07618830e+10 -4.19908482e+10]]
Curvature_INT:
118675157232.1532
f:
[9.62329056e+09]


Magnetic Field:
[ 0.24471763 -0.08020694  0.27739893]
Frequency:
[2.38827604e+08]
Levels:
[10 11]
Gradient:
[0.00022697 0.00051117 0.00037336]
Gradient_INT:
0.0006724670304420854
Curvature:
[[-5.15135911e+10  1.97373071e+10  5.34503586e+10]
 [ 1.97373071e+10  1.18675157e+11  2.07618830e+10]
 [ 5.34503586e+10  2.07618830e+10 -4.19908482e+10]]
Curvature_INT:
118675157232.16504
f:
[9.62329056e+09]


Magnetic Field:
[-0.66088235  0.07962513 -0.48891194]
Frequency:
[2.38827604e+08]
Levels:
[10 11]
Gradient:
[1.33514404e-05 3.05175781e-05 7.39097595e-06]
Gradient_INT:
3.412052258814641e-05
Curvature:
[[-5.15135911e+10  1.97373071e+10  5.34503586e+10]
 [ 1.97373071e+10  1.18675157e+11  2.07618830e+10]
 [ 5.34503586e+10  2.07618830e+10 -4.19908482e+10]]
Curvature_INT:
118675157232.17804
f:
[9.62329056e+09]


Magnetic Field:
[-0.66722621  0.08075396 -0.4969782 ]
Frequency:
[2.38827604e+08]
Levels:
[10 11]
Gradient:
[0.00044918 0.00082207 0.0006777 ]
Gradient_INT:
0.0011562186671659892
Curvature:
[[-5.15135911e+10  1.97373071e+10  5.34503586e+10]
 [ 1.97373071e+10  1.18675157e+11  2.07618830e+10]
 [ 5.34503586e+10  2.07618830e+10 -4.19908482e+10]]
Curvature_INT:
118675157232.19153
f:
[9.62329056e+09]


Magnetic Field:
[-0.66088235  0.07962513 -0.48891194]
Frequency:
[2.38827604e+08]
Levels:
[10 11]
Gradient:
[3.6239624e-05 2.0980835e-05 4.0769577e-05]
Gradient_INT:
5.844368396950258e-05
Curvature:
[[-5.15135911e+10  1.97373071e+10  5.34503586e+10]
 [ 1.97373071e+10  1.18675157e+11  2.07618830e+10]
 [ 5.34503586e+10  2.07618830e+10 -4.19908482e+10]]
Curvature_INT:
118675157232.2016
f:
[9.62329056e+09]


Magnetic Field:
[-0.34949095  0.01750304 -0.20640916]
Frequency:
[2.38827604e+08]
Levels:
[10 11]
Gradient:
[0.00291348 0.00572205 0.00452876]
Gradient_INT:
0.007857469149356764
Curvature:
[[-5.15135911e+10  1.97373071e+10  5.34503586e+10]
 [ 1.97373071e+10  1.18675157e+11  2.07618830e+10]
 [ 5.34503586e+10  2.07618830e+10 -4.19908482e+10]]
Curvature_INT:
118675157232.20264
f:
[9.62329056e+09]


Magnetic Field:
[-0.66722621  0.08075396 -0.4969782 ]
Frequency:
[2.38827604e+08]
Levels:
[10 11]
Gradient:
[0.00026035 0.00044823 0.00038517]
Gradient_INT:
0.0006457889382303016
Curvature:
[[-5.15135911e+10  1.97373071e+10  5.34503586e+10]
 [ 1.97373071e+10  1.18675157e+11  2.07618830e+10]
 [ 5.34503586e+10  2.07618830e+10 -4.19908482e+10]]
Curvature_INT:
118675157232.21252
f:
[9.62329056e+09]


Magnetic Field:
[-0.52767056  0.06811236 -0.45210884]
Frequency:
[2.38827604e+08]
Levels:
[10 11]
Gradient:
[0.00226879 0.00447464 0.00352705]
Gradient_INT:
0.006132688143612508
Curvature:
[[-5.15135911e+10  1.97373071e+10  5.34503586e+10]
 [ 1.97373071e+10  1.18675157e+11  2.07618830e+10]
 [ 5.34503586e+10  2.07618830e+10 -4.19908482e+10]]
Curvature_INT:
118675157232.21533
f:
[9.62329056e+09]


Magnetic Field:
[ 0.57261133 -0.40500351  0.85327168]
Frequency:
[2.38827604e+08]
Levels:
[10 11]
Gradient:
[6.77108765e-05 2.07901001e-04 1.26957893e-04]
Gradient_INT:
0.0002528357088863121
Curvature:
[[-5.15135911e+10  1.97373071e+10  5.34503586e+10]
 [ 1.97373071e+10  1.18675157e+11  2.07618830e+10]
 [ 5.34503586e+10  2.07618830e+10 -4.19908482e+10]]
Curvature_INT:
118675157232.22327
f:
[9.62329056e+09]


Magnetic Field:
[ 0.07114588 -0.27282487  0.37010838]
Frequency:
[2.38827604e+08]
Levels:
[10 11]
Gradient:
[0.00019836 0.00044823 0.00032485]
Gradient_INT:
0.000588030812495158
Curvature:
[[-5.15135911e+10  1.97373071e+10  5.34503586e+10]
 [ 1.97373071e+10  1.18675157e+11  2.07618830e+10]
 [ 5.34503586e+10  2.07618830e+10 -4.19908482e+10]]
Curvature_INT:
118675157232.22589
f:
[9.62329056e+09]


Magnetic Field:
[-0.29625093  0.04872736 -0.28198675]
Frequency:
[2.38827604e+08]
Levels:
[10 11]
Gradient:
[0.0006628  0.0012207  0.00100088]
Gradient_INT:
0.0017120712497878416
Curvature:
[[-5.15135911e+10  1.97373071e+10  5.34503586e+10]
 [ 1.97373071e+10  1.18675157e+11  2.07618830e+10]
 [ 5.34503586e+10  2.07618830e+10 -4.19908482e+10]]
Curvature_INT:
118675157232.23016
f:
[9.62329056e+09]


Magnetic Field:
[-0.52767056  0.06811236 -0.45210884]
Frequency:
[2.38827604e+08]
Levels:
[10 11]
Gradient:
[2.00271606e-05 8.77380371e-05 4.30345535e-05]
Gradient_INT:
9.975481500472931e-05
Curvature:
[[-5.15135911e+10  1.97373071e+10  5.34503586e+10]
 [ 1.97373071e+10  1.18675157e+11  2.07618830e+10]
 [ 5.34503586e+10  2.07618830e+10 -4.19908482e+10]]
Curvature_INT:
118675157232.23334
f:
[9.62329056e+09]


Magnetic Field:
[-0.59369998  0.06076933 -0.47868375]
Frequency:
[2.38827604e+08]
Levels:
[10 11]
Gradient:
[0.00180721 0.00347137 0.00278378]
Gradient_INT:
0.004802693441984171
Curvature:
[[-5.15135911e+10  1.97373071e+10  5.34503586e+10]
 [ 1.97373071e+10  1.18675157e+11  2.07618830e+10]
 [ 5.34503586e+10  2.07618830e+10 -4.19908482e+10]]
Curvature_INT:
118675157232.23853
f:
[9.62329056e+09]


Magnetic Field:
[-0.72742169  0.07280882 -0.57849111]
Frequency:
[2.38827604e+08]
Levels:
[10 11]
Gradient:
[2.00271606e-05 2.28881836e-05 1.51395798e-05]
Gradient_INT:
3.3972974367937835e-05
Curvature:
[[-5.15135911e+10  1.97373071e+10  5.34503586e+10]
 [ 1.97373071e+10  1.18675157e+11  2.07618830e+10]
 [ 5.34503586e+10  2.07618830e+10 -4.19908482e+10]]
Curvature_INT:
118675157232.24103
f:
[9.62329056e+09]


Magnetic Field:
[-0.22270841  0.07538566 -0.25669594]
Frequency:
[2.38827604e+08]
Levels:
[10 11]
Gradient:
[0.00012684 0.00018311 0.00017631]
Gradient_INT:
0.00028407933876805393
Curvature:
[[-5.15135911e+10  1.97373071e+10  5.34503586e+10]
 [ 1.97373071e+10  1.18675157e+11  2.07618830e+10]
 [ 5.34503586e+10  2.07618830e+10 -4.19908482e+10]]
Curvature_INT:
118675157232.24268
f:
[9.62329056e+09]


Magnetic Field:
[ 0.07114588 -0.27282487  0.37010838]
Frequency:
[2.38827604e+08]
Levels:
[10 11]
Gradient:
[6.10351562e-05 1.69754028e-04 1.15633011e-04]
Gradient_INT:
0.00021427252187569207
Curvature:
[[-5.15135911e+10  1.97373071e+10  5.34503586e+10]
 [ 1.97373071e+10  1.18675157e+11  2.07618830e+10]
 [ 5.34503586e+10  2.07618830e+10 -4.19908482e+10]]
Curvature_INT:
118675157232.24316
f:
[9.62329056e+09]


Magnetic Field:
[-0.59369998  0.06076933 -0.47868375]
Frequency:
[2.38827604e+08]
Levels:
[10 11]
Gradient:
[4.76837158e-06 3.43322754e-05 4.05311584e-06]
Gradient_INT:
3.489799778057205e-05
Curvature:
[[-5.15135911e+10  1.97373071e+10  5.34503586e+10]
 [ 1.97373071e+10  1.18675157e+11  2.07618830e+10]
 [ 5.34503586e+10  2.07618830e+10 -4.19908482e+10]]
Curvature_INT:
118675157232.24316
f:
[9.62329056e+09]


Magnetic Field:
[-0.72742169  0.07280882 -0.57849111]
Frequency:
[2.38827604e+08]
Levels:
[10 11]
Gradient:
[9.05990601e-05 1.10626221e-04 1.18732452e-04]
Gradient_INT:
0.00018585947821328087
Curvature:
[[-5.15135911e+10  1.97373071e+10  5.34503586e+10]
 [ 1.97373071e+10  1.18675157e+11  2.07618830e+10]
 [ 5.34503586e+10  2.07618830e+10 -4.19908482e+10]]
Curvature_INT:
118675157232.24817
f:
[9.62329056e+09]


Magnetic Field:
[-0.09448699 -0.56992     0.64941707]
Frequency:
[2.38827604e+08]
Levels:
[10 11]
Gradient:
[4.19616699e-05 3.81469727e-05 4.39882278e-05]
Gradient_INT:
7.177003172874939e-05
Curvature:
[[-5.15135911e+10  1.97373071e+10  5.34503586e+10]
 [ 1.97373071e+10  1.18675157e+11  2.07618830e+10]
 [ 5.34503586e+10  2.07618830e+10 -4.19908482e+10]]
Curvature_INT:
118675157232.25006
f:
[9.62329056e+09]


Magnetic Field:
[ 0.07114588 -0.27282487  0.37010838]
Frequency:
[2.38827604e+08]
Levels:
[10 11]
Gradient:
[5.43594360e-05 5.34057617e-05 6.27040863e-05]
Gradient_INT:
9.868599753766172e-05
Curvature:
[[-5.15135911e+10  1.97373071e+10  5.34503586e+10]
 [ 1.97373071e+10  1.18675157e+11  2.07618830e+10]
 [ 5.34503586e+10  2.07618830e+10 -4.19908482e+10]]
Curvature_INT:
118675157232.25195
f:
[9.62329056e+09]


Magnetic Field:
[-0.39172108  0.04383148 -0.32204092]
Frequency:
[2.38827604e+08]
Levels:
[10 11]
Gradient:
[0.00050354 0.0009594  0.00076962]
Gradient_INT:
0.0013290227484800436
Curvature:
[[-5.15135911e+10  1.97373071e+10  5.34503586e+10]
 [ 1.97373071e+10  1.18675157e+11  2.07618830e+10]
 [ 5.34503586e+10  2.07618830e+10 -4.19908482e+10]]
Curvature_INT:
118675157232.25812
f:
[9.62329056e+09]


Magnetic Field:
[-0.23097896  0.07931032 -0.26861528]
Frequency:
[2.38827604e+08]
Levels:
[10 11]
Gradient:
[6.67572021e-05 8.96453857e-05 9.04798508e-05]
Gradient_INT:
0.0001438034165753416
Curvature:
[[-5.15135911e+10  1.97373071e+10  5.34503586e+10]
 [ 1.97373071e+10  1.18675157e+11  2.07618830e+10]
 [ 5.34503586e+10  2.07618830e+10 -4.19908482e+10]]
Curvature_INT:
118675157232.26202
f:
[9.62329056e+09]


Magnetic Field:
[ 0.09503124 -0.03288728  0.11092652]
Frequency:
[2.38827604e+08]
Levels:
[10 11]
Gradient:
[0.00238705 0.00468826 0.00370371]
Gradient_INT:
0.006433917543547588
Curvature:
[[-5.15135911e+10  1.97373071e+10  5.34503586e+10]
 [ 1.97373071e+10  1.18675157e+11  2.07618830e+10]
 [ 5.34503586e+10  2.07618830e+10 -4.19908482e+10]]
Curvature_INT:
118675157232.26312
f:
[9.62329056e+09]


Magnetic Field:
[-0.17260685  0.05734456 -0.19635158]
Frequency:
[2.38827604e+08]
Levels:
[10 11]
Gradient:
[9.53674316e-07 3.05175781e-05 7.86781311e-06]
Gradient_INT:
3.1529899341048826e-05
Curvature:
[[-5.15135911e+10  1.97373071e+10  5.34503586e+10]
 [ 1.97373071e+10  1.18675157e+11  2.07618830e+10]
 [ 5.34503586e+10  2.07618830e+10 -4.19908482e+10]]
Curvature_INT:
118675157232.26392
f:
[9.62329056e+09]


Magnetic Field:
[-0.59369998  0.06076933 -0.47868375]
Frequency:
[2.38827604e+08]
Levels:
[10 11]
Gradient:
[8.86917114e-05 1.33514404e-04 1.25765800e-04]
Gradient_INT:
0.00020373844114396076
Curvature:
[[-5.15135911e+10  1.97373071e+10  5.34503586e+10]
 [ 1.97373071e+10  1.18675157e+11  2.07618830e+10]
 [ 5.34503586e+10  2.07618830e+10 -4.19908482e+10]]
Curvature_INT:
118675157232.27356
f:
[9.62329056e+09]


Magnetic Field:
[-0.72742169  0.07280882 -0.57849111]
Frequency:
[2.38827604e+08]
Levels:
[10 11]
Gradient:
[6.29425049e-05 1.83105469e-04 1.12891197e-04]
Gradient_INT:
0.00022412896736782084
Curvature:
[[-5.15135911e+10  1.97373071e+10  5.34503586e+10]
 [ 1.97373071e+10  1.18675157e+11  2.07618830e+10]
 [ 5.34503586e+10  2.07618830e+10 -4.19908482e+10]]
Curvature_INT:
118675157232.27765
f:
[9.62329056e+09]


Magnetic Field:
[-0.51040252  0.07672473 -0.44133086]
Frequency:
[2.38827604e+08]
Levels:
[10 11]
Gradient:
[0.00010395 0.00015259 0.00014758]
Gradient_INT:
0.00023636613998472198
Curvature:
[[-5.15135911e+10  1.97373071e+10  5.34503586e+10]
 [ 1.97373071e+10  1.18675157e+11  2.07618830e+10]
 [ 5.34503586e+10  2.07618830e+10 -4.19908482e+10]]
Curvature_INT:
118675157232.28156
f:
[9.62329056e+09]


Magnetic Field:
[-0.60839371  0.11351366 -0.55106719]
Frequency:
[2.38827604e+08]
Levels:
[10 11]
Gradient:
[3.05175781e-05 7.62939453e-06 2.38418579e-05]
Gradient_INT:
3.9471058056974174e-05
Curvature:
[[-5.15135911e+10  1.97373071e+10  5.34503586e+10]
 [ 1.97373071e+10  1.18675157e+11  2.07618830e+10]
 [ 5.34503586e+10  2.07618830e+10 -4.19908482e+10]]
Curvature_INT:
118675157232.2909
f:
[9.62329056e+09]


Magnetic Field:
[-0.24471763  0.08020694 -0.27739893]
Frequency:
[2.38827604e+08]
Levels:
[10 11]
Gradient:
[2.19345093e-05 6.86645508e-05 4.19616699e-05]
Gradient_INT:
8.340698396334163e-05
Curvature:
[[-5.15135911e+10  1.97373071e+10  5.34503586e+10]
 [ 1.97373071e+10  1.18675157e+11  2.07618830e+10]
 [ 5.34503586e+10  2.07618830e+10 -4.19908482e+10]]
Curvature_INT:
118675157232.29218
f:
[9.62329056e+09]


Magnetic Field:
[-0.09448699 -0.56992     0.64941707]
Frequency:
[2.38827604e+08]
Levels:
[10 11]
Gradient:
[7.72476196e-05 1.39236450e-04 1.14679337e-04]
Gradient_INT:
0.00019622776060583102
Curvature:
[[-5.15135911e+10  1.97373071e+10  5.34503586e+10]
 [ 1.97373071e+10  1.18675157e+11  2.07618830e+10]
 [ 5.34503586e+10  2.07618830e+10 -4.19908482e+10]]
Curvature_INT:
118675157232.29279
f:
[9.62329056e+09]


Magnetic Field:
[-0.54623112  0.03826611 -0.41128333]
Frequency:
[2.38827604e+08]
Levels:
[10 11]
Gradient:
[2.19345093e-05 8.01086426e-05 4.55379486e-05]
Gradient_INT:
9.47218141528592e-05
Curvature:
[[-5.15135911e+10  1.97373071e+10  5.34503586e+10]
 [ 1.97373071e+10  1.18675157e+11  2.07618830e+10]
 [ 5.34503586e+10  2.07618830e+10 -4.19908482e+10]]
Curvature_INT:
118675157232.29492
f:
[9.62329056e+09]


Magnetic Field:
[-0.48447431  0.0508633  -0.38422986]
Frequency:
[2.38827604e+08]
Levels:
[10 11]
Gradient:
[1.33514404e-05 7.62939453e-05 2.64644623e-05]
Gradient_INT:
8.18498308897352e-05
Curvature:
[[-5.15135911e+10  1.97373071e+10  5.34503586e+10]
 [ 1.97373071e+10  1.18675157e+11  2.07618830e+10]
 [ 5.34503586e+10  2.07618830e+10 -4.19908482e+10]]
Curvature_INT:
118675157232.29803
f:
[9.62329056e+09]


Magnetic Field:
[-0.68068979  0.07414981 -0.53913594]
Frequency:
[2.38827604e+08]
Levels:
[10 11]
Gradient:
[7.05718994e-05 1.69754028e-04 1.15036964e-04]
Gradient_INT:
0.00021686476500355238
Curvature:
[[-5.15135911e+10  1.97373071e+10  5.34503586e+10]
 [ 1.97373071e+10  1.18675157e+11  2.07618830e+10]
 [ 5.34503586e+10  2.07618830e+10 -4.19908482e+10]]
Curvature_INT:
118675157232.29846
f:
[9.62329056e+09]


Magnetic Field:
[-0.00323751 -0.00038327 -0.00081988]
Frequency:
[2.38827604e+08]
Levels:
[10 11]
Gradient:
[8.77380371e-05 1.20162964e-04 1.18017197e-04]
Gradient_INT:
0.00018990829299301955
Curvature:
[[-5.15135911e+10  1.97373071e+10  5.34503586e+10]
 [ 1.97373071e+10  1.18675157e+11  2.07618830e+10]
 [ 5.34503586e+10  2.07618830e+10 -4.19908482e+10]]
Curvature_INT:
118675157232.29932
f:
[9.62329056e+09]


Magnetic Field:
[-0.70439661  0.05511483 -0.5365676 ]
Frequency:
[2.38827604e+08]
Levels:
[10 11]
Gradient:
[5.43594360e-05 1.65939331e-04 1.00374222e-04]
Gradient_INT:
0.00020140951883971595
Curvature:
[[-5.15135911e+10  1.97373071e+10  5.34503586e+10]
 [ 1.97373071e+10  1.18675157e+11  2.07618830e+10]
 [ 5.34503586e+10  2.07618830e+10 -4.19908482e+10]]
Curvature_INT:
